1 3
2 20
3 20
4 3
5 3
6 3
7 0
8 20
9 20
10 20
11 3
12 2
13 2
14 2
15 6
16 6
17 6
18 0
19 2
20 1
21 3
22 4
23 20
24 4
25 4
26 20
27 8
28 4
29 4
30 11
31 0
32 0
33 8
34 8
35 8
36 8
37 8
38 8
39 8
40 11
41 1
42 1
43 1
44 20
45 20
46 20
47 20
48 20
49 1
50 1
51 1
52 5
53 20
54 7
55 3
56 1
57 2
58 20
59 20
60 0
61 4
62 4
63 8
64 8
65 8
66 8
67 8
68 8
69 5
70 5
71 0
72 3
73 0
74 0
75 8
76 3
77 3
78 1
79 4
80 8
81 1
82 2
83 1
84 4
85 11
86 4
87 8
88 1
89 3
90 8
91 8
92 8
93 8
94 8
95 8
96 8
97 8
98 20
99 3
100 5
101 5
102 20
103 20
104 20
105 0
106 3
107 3
108 3
109 3
110 20
111 20
112 5
113 5
114 5
115 1
116 0
117 20
118 20
119 20
120 0
121 2
122 20
123 11
124 11
125 0
126 20
127 20
128 20
129 20
130 20
131 20
132 20
133 2
134 20
135 3
136 20
137 20
138 3
139 0
140 5
141 0
142 0
143 20
144 2
145 20
146 1
147 1
148 3
149 20
150 5
151 5
152 3
153 8
154 5
155 0
156 3
157 20
158 20
159 5
160 20
161 20
162 1
163 5
164 5
165 5
166 5
167 5
168 20
169 11
170 5
171 3
172 0
173 5
174 0
175 3
176 20
177 20
178 20
179 20
180 0
181 3
182 2
183 2
184 2
185 8
186 0
187 5
188 8
189 2
190 5
191 2
192 2
193 20
194 0
195 20
196 8
197 5
198 3
199 3
200 0
201 3
202 0
203 20
204 8
205 8
206 0
207 1
208 3
209 3
210 8
211 20
212 0
213 0
214 0
215 0
216 0
217 3
218 1
219 0
220 0
221 8
222 2
223 8
224 0
225 8
226 0
227 8
228 8
229 4
230 3
231 0
232 1
233 5
234 5
235 1
236 3
237 20
238 20
239 4
240 4
241 4
242 4
243 1
244 20
245 20
246 20
247 20
248 3
249 3
250 3
251 8
252 8
253 8
254 8
255 8
256 8
257 3
258 8
259 8
260 20
261 20
262 5
263 5
264 5
265 5
266 0
267 0
268 3
269 0
270 4
271 0
272 0
273 20
274 20
275 20
276 20
277 3
278 11
279 11
280 1
281 3
282 0
283 0
284 0
285 0
286 0
287 0
288 0
289 0
290 1
291 3
292 5
293 8
294 1
295 4
296 20
297 3
298 8
299 8
300 8
301 4
302 4
303 11
304 4
305 4
306 4
307 0
308 0
309 0
310 0
311 0
312 0
313 20
314 4
315 1
316 5
317 1
318 5
319 5
320 5
321 5
322 5
323 5
324 8
325 3
326 3
327 3
328 5
329 3
330 8
331 8
332 5
333 3
334 0
335 3
336 3
337 0
338 0
339 0
340 0
341 0
342 0
343 0
344 2
345 5
346 20
347 20
348 20
349 20
350 4
351 20
352 20
353 4
354 3
355 0
356 20
357 5
358 20
359 8
360 8
361 1
362 2
363 1
364 3
365 2
366 2
367 3
368 3
369 3
370 3
371 8
372 2
373 20
374 3
375 20
376 20
377 20
378 20
379 20
380 20
381 0
382 0
383 20
384 0
385 2
386 0
387 3
388 3
389 3
390 3
391 0
392 0
393 1
394 1
395 0
396 2
397 11
398 5
399 5
400 5
401 5
402 8
403 5
404 5
405 5
406 5
407 0
408 4
409 0
410 2
411 2
412 0
413 4
414 4
415 11
416 4
417 5
418 5
419 5
420 5
421 5
422 5
423 5
424 5
425 5
426 5
427 5
428 5
429 8
430 5
431 8
432 5
433 5
434 5
435 5
436 3
437 3
438 20
439 20
440 3
441 5
442 3
443 7
444 3
445 5
446 8
447 3
448 3
449 5
450 0
451 2
452 0
453 11
454 11
455 0
456 11
457 0
458 20
459 5
460 20
461 3
462 3
463 0
464 20
465 20
466 20
467 8
468 4
469 4
470 4
471 4
472 8
473 8
474 8
475 8
476 11
477 11
478 0
479 5
480 0
481 3
482 6
483 20
484 20
485 1
486 2
487 0
488 3
489 0
490 5
491 20
492 20
493 20
494 20
495 20
496 20
497 20
498 20
499 0
500 0
501 0
502 3
503 0
504 4
505 4
506 4
507 20
508 20
509 20
510 20
511 20
512 4
513 2
514 2
515 20
516 0
517 0
518 5
519 5
520 0
521 3
522 1
523 11
524 0
525 3
526 5
527 5
528 2
529 0
530 1
531 1
532 1
533 0
534 0
535 1
536 11
537 11
538 11
539 11
540 11
541 11
542 11
543 1
544 0
545 3
546 3
547 3
548 3
549 1
550 7
551 20
552 20
553 0
554 20
555 1
556 5
557 20
558 5
559 20
560 2
561 5
562 20
563 2
564 4
565 20
566 4
567 4
568 4
569 0
570 2
571 1
572 8
573 8
574 8
575 8
576 1
577 20
578 2
579 20
580 20
581 20
582 20
583 0
584 0
585 0
586 1
587 1
588 0
589 0
590 0
591 0
592 0
593 20
594 2
595 0
596 0
597 0
598 0
599 0
600 0
601 0
602 0
603 3
604 0
605 1
606 8
607 1
608 1
609 0
610 0
611 1
612 0
613 5
614 5
615 5
616 5
617 5
618 5
619 0
620 0
621 5
622 5
623 5
624 5
625 5
626 5
627 5
628 0
629 8
630 5
631 5
632 5
633 5
634 5
635 5
636 20
637 0
638 2
639 2
640 2
641 0
642 5
643 1
644 5
645 1
646 0
647 0
648 3
649 20
650 2
651 20
652 1
653 0
654 4
655 0
656 1
657 0
658 8
659 5
660 5
661 5
662 5
663 0
664 8
665 8
666 8
667 8
668 8
669 8
670 0
671 0
672 4
673 4
674 1
675 1
676 0
677 3
678 5
679 0
680 0
681 20
682 1
683 1
684 0
685 0
686 0
687 8
688 2
689 2
690 8
691 8
692 8
693 8
694 8
695 8
696 8
697 11
698 11
699 11
700 11
701 11
702 4
703 4
704 4
705 4
706 4
707 4
708 0
709 1
710 1
711 20
712 3
713 0
714 0
715 4
716 4
717 4
718 0
719 4
720 1
721 0
722 0
723 0
724 1
725 20
726 20
727 20
728 1
729 0
730 20
731 0
732 0
733 0
734 0
735 1
736 8
737 3
738 1
739 3
740 7
741 7
742 0
743 1
744 0
745 4
746 4
747 1
748 1
749 5
750 2
751 5
752 3
753 3
754 8
755 8
756 0
757 3
758 3
759 3
760 3
761 3
762 5
763 3
764 3
765 0
766 2
767 3
768 3
769 1
770 1
771 1
772 1
773 20
774 3
775 3
776 3
777 3
778 0
779 1
780 1
781 1
782 5
783 3
784 1
785 1
786 2
787 2
788 8
789 8
790 8
791 5
792 5
793 5
794 5
795 5
796 8
797 5
798 5
799 5
800 0
801 3
802 4
803 4
804 5
805 4
806 4
807 3
808 8
809 8
810 8
811 8
812 8
813 8
814 8
815 8
816 2
817 2
818 2
819 2
820 3
821 2
822 3
823 2
824 2
825 2
826 0
827 1
828 8
829 1
830 1
831 8
832 3
833 3
834 3
835 3
836 1
837 1
838 1
839 1
840 0
841 5
842 3
843 0
844 8
845 3
846 3
847 1
848 0
849 0
850 8
851 0
852 0
853 0
854 0
855 0
856 1
857 1
858 1
859 1
860 1
861 1
862 1
863 1
864 1
865 0
866 0
867 1
868 0
869 1
870 1
871 1
872 1
873 1
874 0
875 0
876 2
877 2
878 2
879 0
880 0
881 3
882 1
883 1
884 1
885 1
886 1
887 0
888 20
889 3
890 3
891 3
892 3
893 0
894 0
895 5
896 2
897 2
898 0
899 0
900 0
901 0
902 0
903 1
904 3
905 0
906 0
907 5
908 5
909 3
910 6
911 3
912 3
913 6
914 6
915 6
916 6
917 6
918 6
919 1
920 3
921 0
922 0
923 3
924 0
925 0
926 0
927 0
928 0
929 0
930 1
931 5
932 2
933 0
934 3
935 3
936 0
937 3
938 3
939 0
940 3
941 3
942 5
943 2
944 2
945 2
946 0
947 1
948 1
949 1
950 1
951 1
952 1
953 1
954 1
955 1
956 1
957 0
958 1
959 0
960 2
961 2
962 2
963 6
964 6
965 6
966 6
967 0
968 1
969 1
970 1
971 3
972 0
973 20
974 2
975 3
976 1
977 1
978 2
979 2
980 2
981 3
982 3
983 3
984 1
985 1
986 1
987 1
988 20
989 1
990 1
991 0
992 1
993 1
994 1
995 1
996 3
997 3
998 3
999 1
1000 1
1001 1
1002 5
1003 1
1004 0
1005 0
1006 1
1007 2
1008 2
1009 2
1010 2
1011 2
1012 0
1013 3
1014 3
1015 3
1016 0
1017 8
1018 1
1019 5
1020 7
1021 7
1022 2
1023 1
1024 0
1025 0
1026 0
1027 0
1028 0
1029 2
1030 0
1031 2
1032 2
1033 2
1034 2
1035 2
1036 8
1037 3
1038 0
1039 5
1040 5
1041 3
1042 3
1043 3
1044 3
1045 3
1046 0
1047 3
1048 0
1049 0
1050 0
1051 0
1052 1
1053 0
1054 1
1055 1
1056 3
1057 1
1058 1
1059 1
1060 1
1061 2
1062 1
1063 1
1064 0
1065 2
1066 2
1067 0
1068 4
1069 0
1070 1
1071 1
1072 0
1073 8
1074 1
1075 0
1076 3
1077 3
1078 0
1079 0
1080 1
1081 1
1082 3
1083 3
1084 0
1085 0
1086 5
1087 0
1088 0
1089 0
1090 0
1091 5
1092 5
1093 0
1094 5
1095 3
1096 3
1097 2
1098 2
1099 0
1100 3
1101 0
1102 3
1103 3
1104 0
1105 1
1106 7
1107 7
1108 7
1109 7
1110 7
1111 0
1112 0
1113 0
1114 1
1115 0
1116 1
1117 1
1118 0
1119 1
1120 0
1121 1
1122 2
1123 2
1124 0
1125 2
1126 0
1127 8
1128 8
1129 8
1130 8
1131 0
1132 5
1133 0
1134 0
1135 5
1136 1
1137 0
1138 5
1139 5
1140 0
1141 0
1142 2
1143 2
1144 0
1145 1
1146 1
1147 1
1148 3
1149 1
1150 0
1151 0
1152 0
1153 0
1154 0
1155 0
1156 2
1157 0
1158 1
1159 0
1160 0
1161 0
1162 0
1163 0
1164 0
1165 0
1166 0
1167 1
1168 1
1169 0
1170 0
1171 0
1172 0
1173 7
1174 0
1175 1
1176 1
1177 3
1178 2
1179 2
1180 2
1181 0
1182 0
1183 0
1184 3
1185 3
1186 3
1187 3
1188 3
1189 3
1190 5
1191 5
1192 1
1193 1
1194 0
1195 0
1196 3
1197 0
1198 1
1199 1
1200 2
1201 0
1202 0
1203 0
1204 3
1205 1
1206 1
1207 3
1208 1
1209 2
1210 3
1211 1
1212 0
1213 3
1214 3
1215 2
1216 2
1217 2
1218 2
1219 2
1220 2
1221 0
1222 2
1223 2
1224 3
1225 0
1226 1
1227 1
1228 0
1229 0
1230 0
1231 2
1232 1
1233 0
1234 0
1235 0
1236 0
1237 0
1238 0
1239 0
1240 1
1241 1
1242 1
1243 3
1244 0
1245 2
1246 2
1247 7
1248 7
1249 7
1250 8
1251 8
1252 1
1253 8
1254 8
1255 0
1256 0
1257 3
1258 1
1259 0
1260 8
1261 1
1262 0
1263 1
1264 0
1265 0
1266 8
1267 3
1268 3
1269 0
1270 1
1271 1
1272 1
1273 0
1274 0
1275 0
1276 0
1277 0
1278 5
1279 0
1280 0
1281 1
1282 1
1283 1
1284 0
1285 1
1286 1
1287 1
1288 0
1289 2
1290 1
1291 1
1292 2
1293 1
1294 0
1295 4
1296 4
1297 4
1298 4
1299 0
1300 0
1301 1
1302 1
1303 1
1304 0
1305 8
1306 8
1307 0
1308 0
1309 0
1310 1
1311 1
1312 3
1313 5
1314 3
1315 3
1316 3
1317 0
1318 0
1319 1
1320 1
1321 1
1322 1
1323 0
1324 1
1325 3
1326 1
1327 2
1328 0
1329 5
1330 0
1331 1
1332 1
1333 0
1334 8
1335 1
1336 1
1337 1
1338 2
1339 2
1340 2
1341 0
1342 0
1343 0
1344 2
1345 2
1346 0
1347 0
1348 2
1349 2
1350 2
1351 2
1352 2
1353 2
1354 2
1355 1
1356 1
1357 0
1358 0
1359 3
1360 0
1361 0
1362 1
1363 0
1364 0
1365 0
1366 5
1367 0
1368 1
1369 1
1370 1
1371 1
1372 0
1373 1
1374 0
1375 0
1376 2
1377 3
1378 1
1379 5
1380 0
1381 0
1382 1
1383 5
1384 1
1385 0
1386 3
1387 0
1388 3
1389 3
1390 0
1391 3
1392 0
1393 0
1394 0
1395 0
1396 0
1397 1
1398 0
1399 0
1400 0
1401 3
1402 0
1403 0
1404 0
1405 1
1406 5
1407 0
1408 1
1409 0
1410 0
1411 0
1412 1
1413 3
1414 0
1415 0
1416 2
1417 2
1418 0
1419 0
1420 0
1421 0
1422 0
1423 0
1424 3
1425 0
1426 1
1427 1
1428 1
1429 0
1430 0
1431 2
1432 0
1433 0
1434 0
1435 0
1436 0
1437 0
1438 0
1439 0
1440 0
1441 2
1442 3
1443 2
1444 0
1445 0
1446 0
1447 0
1448 0
1449 0
1450 0
1451 0
1452 8
1453 8
1454 0
1455 3
1456 0
1457 0
1458 1
1459 1
1460 0
1461 0
1462 1
1463 1
1464 0
1465 5
1466 0
1467 0
1468 0
1469 0
1470 0
1471 2
1472 2
1473 0
1474 0
1475 5
1476 0
1477 0
1478 0
1479 1
1480 1
1481 0
1482 0
1483 0
1484 0
1485 0
1486 0
1487 0
1488 0
1489 2
1490 5
1491 0
1492 0
1493 0
1494 0
1495 0
1496 0
1497 0
1498 1
1499 1
1500 3
1501 0
1502 3
1503 0
1504 0
1505 1
1506 1
1507 2
1508 0
1509 1
1510 1
1511 1
1512 1
1513 0
1514 0
1515 0
1516 0
1517 1
1518 0
1519 0
1520 0
1521 0
1522 0
1523 1
1524 1
1525 1
1526 1
1527 1
1528 0
1529 1
1530 3
1531 0
1532 0
1533 2
1534 0
1535 0
1536 1
1537 0
1538 0
1539 0
1540 0
1541 0
1542 0
1543 0
1544 0
1545 0
1546 0
1547 1
1548 1
1549 5
1550 0
1551 0
1552 4
1553 4
1554 4
1555 0
1556 1
1557 3
1558 0
1559 0
1560 1
1561 1
1562 1
1563 1
1564 3
1565 3
1566 1
1567 0
1568 0
1569 2
1570 0
1571 0
1572 0
1573 0
1574 0
1575 0
1576 2
1577 2
1578 0
1579 1
1580 1
1581 3
1582 0
1583 0
1584 2
1585 0
1586 1
1587 0
1588 0
1589 0
1590 0
1591 2
1592 0
1593 0
1594 0
1595 2
1596 0
1597 0
1598 0
1599 1
1600 1
1601 2
1602 2
1603 2
1604 2
1605 3
1606 0
1607 1
1608 5
1609 5
1610 0
1611 2
1612 0
1613 0
1614 0
1615 1
1616 2
1617 2
1618 0
1619 0
1620 1
1621 1
1622 0
1623 1
1624 1
1625 1
1626 0
1627 0
1628 0
1629 1
1630 1
1631 1
1632 0
1633 0
1634 0
1635 0
1636 0
1637 0
1638 0
1639 0
1640 0
1641 1
1642 1
1643 0
1644 1
1645 1
1646 0
1647 0
1648 0
1649 1
1650 0
1651 1
1652 0
1653 0
1654 0
1655 0
1656 0
1657 1
1658 1
1659 2
1660 0
1661 2
1662 2
1663 1
1664 0
1665 0
1666 1
1667 0
1668 0
1669 0
1670 0
1671 0
1672 0
1673 1
1674 1
1675 0
1676 0
1677 1
1678 1
1679 0
1680 0
1681 0
1682 1
1683 1
1684 0
1685 1
1686 1
1687 1
1688 0
1689 0
1690 2
1691 0
1692 0
1693 0
1694 0
1695 0
1696 1
1697 0
1698 1
1699 0
1700 1
1701 0
1702 0
1703 0
1704 0
1705 0
1706 0
1707 0
1708 0
1709 0
1710 1
1711 2
1712 0
1713 0
1714 1
1715 1
1716 0
1717 0
1718 1
1719 0
1720 0
1721 0
1722 0
1723 0
1724 0
1725 0
1726 0
1727 0
1728 0
1729 0
1730 0
1731 1
1732 1
1733 0
1734 0
1735 1
1736 0
1737 0
1738 1
1739 1
1740 0
1741 1
1742 0
1743 3
1744 0
1745 0
1746 0
1747 2
1748 0
1749 0
1750 0
1751 0
1752 1
1753 1
1754 1
1755 1
1756 0
1757 2
1758 2
1759 2
1760 0
1761 3
1762 3
1763 1
1764 0
1765 0
1766 2
1767 1
1768 1
1769 0
1770 1
1771 0
1772 1
1773 1
1774 1
1775 1
1776 2
1777 0
1778 0
1779 0
1780 0
1781 3
1782 0
1783 1
1784 0
1785 0
1786 1
1787 2
1788 2
1789 0
1790 1
1791 1
1792 0
1793 0
1794 0
1795 0
1796 0
1797 0
1798 1
1799 0
1800 2
1801 1
1802 0
1803 0
1804 0
1805 0
1806 1
1807 1
1808 0
1809 0
1810 0
1811 0
1812 0
1813 0
1814 0
1815 1
1816 1
1817 0
1818 0
1819 0
1820 0
1821 0
1822 0
1823 0
1824 0
1825 0
1826 0
1827 1
1828 1
1829 0
1830 1
1831 0
1832 0
1833 0
1834 0
1835 0
1836 0
1837 0
1838 0
1839 0
1840 0
1841 0
1842 0
1843 0
1844 0
1845 0
1846 0
1847 0
1848 0
1849 0
1850 2
1851 0
1852 0
1853 0
1854 0
1855 0
1856 0
1857 0
1858 0
